src/flext_web/base.py
  h_9db9d35f50cf33 17,26
docs/guides/configuration.md
  h_9db9d35f50cf33 256,381,384,388
docs/guides/development.md
  h_9db9d35f50cf33 192,195,201,205,349,352,355
src/flext_web/models.py
  h_9db9d35f50cf33 59,62,65,71,74,91,99,105,163,170,218,226,232,258,261,264,270,273,276,279,282,285,288,292,337,344,347,350,356,359,362,368,371,374,378,384,390,453,456,459,494,502,508,525,531,538,545,548,553,556,793,801,809,815,821,830-831,836-837,840,850,858,866,877,880,885-887,892-895,900-905,915-917,922,925,932,936,938,941,945,949,954,957,959-960,967,973,981,984,987,993,996,999,1002,1009,1013,1021,1024,1027,1033,1036,1039,1042,1049,1055,1058,1066,1072,1078,1202,1223,1231,1237,1245,1249,1253,1256,1259,1265,1271,1276,1279-1281,1284,1288,1292,1295,1298-1301,1303,1320,1324,1328
docs/guides/troubleshooting.md
  h_9db9d35f50cf33 249,517
src/flext_web/settings.py
  h_9db9d35f50cf33 12,18,25,31,39,47,53,57-58,61,68,72,76,118,128,160,169
src/flext_web/__version__.py
  h_9db9d35f50cf33 33,36,38,41,43,46,50,52
src/flext_web/typings.py
  h_9db9d35f50cf33 64,68,72,76,80
---
{
  "schema_version": "authorship/3.0.0",
  "git_ai_version": "1.3.0",
  "base_commit_sha": "bde43f53e4c02e9f4cd1217e9550aded86674656",
  "prompts": {},
  "humans": {
    "h_9db9d35f50cf33": {
      "author": "FLEXT Bot"
    }
  }
}
